 1  0   7 
 1  0   8
 1  0   7
 1  2   4 
 1  2   7 
 1  2   7 
 1  4   7 
 1  4   7
 1  4   7
 1  6   5  
 1  6   7   
 1  6   7   
 2  0   4
 2  0   4 
 2  0   4
 2  2   4 
 2  2   5  
 2  2   4
 2  4   4 
 2  4   4 
 2  4   5 
 2  6   4  
 2  6   4  
 2  6   4   
 3  0   6 
 3  0   7 
 3  0   6  
 3  2   6   
 3  2   6 
 3  2   5 
 3  4   7  
 3  4   6 
 3  4   7 
 3  6   5   
 3  6   6    
 3  6   6  
 4  0   9 
 4  0   9
 4  0   9 
 4  2   8  
 4  2   8 
 4  2   8 
 4  4   8 
 4  4   9 
 4  4  10 
 4  6   8  
 4  6   8   
 4  6   7  
